 (1000,0,16,1+4, 0,2),      
 (1000,17,17,1+4,0,2),     
 (1000,18,34,1+4,2929,2),
 (1000,35,35,1+4,2989,2),  
 (1000,36,44,1+4,3049,2),  
 (1000,45,45,1+4,3132,2),  
 (1000,46,49,1+4,3214,2),
 (1000,50,50,1+4,3229,2),
 (1000,51,54,1+4,3244,2),
 (1000,55,55,1+4,3399,2),
 (1000,56,59,1+4,3555,2),
 (1000,60,60,1+4,3921,2), 
 (1000,61,64,1+4,4287,2), 
 (1000,65,65,1+4,4891,2), 
 (1000,66,69,1+4,5494,2), 
 (1000,70,70,1+4,5922,2), 
 (1000,71,74,1+4,6349,2), 
 (1000,75,75,1+4,6884,2), 
 (1000,76,79,1+4,7419,2), 
 (1000,80,80,1+4,8087,2), 
 (1000,80,100,1+4,8755,2), 
 (2000, 0,16,1+4,0,2),     
 (2000,17,17,1+4,0,2),     
 (2000,18,34,1+4, 5859 ,2), 
 (2000,35,35,1+4, 5979 ,2), 
 (2000,36,44,1+4, 6099 ,2), 
 (2000,45,45,1+4, 6263 ,2), 
 (2000,46,49,1+4, 6428 ,2), 
 (2000,50,50,1+4, 6458 ,2), 
 (2000,51,54,1+4, 6487 ,2), 
 (2000,55,55,1+4, 6799 ,2), 
 (2000,56,59,1+4, 7111 ,2), 
 (2000,60,60,1+4, 7842 ,2), 
 (2000,61,64,1+4, 8574 ,2), 
 (2000,65,65,1+4, 9781 ,2), 
 (2000,66,69,1+4, 10988 ,2),
 (2000,70,70,1+4, 11843 ,2),
 (2000,71,74,1+4, 12699 ,2),
 (2000,75,75,1+4, 13768 ,2),
 (2000,76,79,1+4, 14837 ,2),
 (2000,80,80,1+4, 16174 ,2),
 (2000,80,100,1+4, 17510 ,2),
 (3000, 0,16,1+4,0,2),
 (3000,17,17,1+4,0,2),
 (3000,18,34,1+4, 8788,2), 
 (3000,35,35,1+4, 8968,2), 
 (3000,36,44,1+4, 9148,2), 
 (3000,45,45,1+4, 9395,2), 
 (3000,46,49,1+4, 9641,2), 
 (3000,50,50,1+4, 9686,2), 
 (3000,51,54,1+4, 9731,2), 
 (3000,55,55,1+4, 10198,2), 
 (3000,56,59,1+4, 10666,2), 
 (3000,60,60,1+4, 11764,2),
 (3000,61,64,1+4, 12862,2),
 (3000,65,65,1+4, 14672,2),
 (3000,66,69,1+4, 16482,2),
 (3000,70,70,1+4, 17765,2),
 (3000,71,74,1+4, 19048,2),
 (3000,75,75,1+4, 20652,2),
 (3000,76,79,1+4, 22256,2),
 (3000,80,80,1+4, 24260,2),
 (3000,80,100,143, 26265,2);

